# Number of parameters = 327 Objective function value = 7766.45  Maximum gradient component = 0.00411848
# af:
-0.684631435451
# am:
-0.998931890831
# bf:
1.31977598301
# bm:
1.37083070358
# b1:
1.16350792951
# bf1:
1.00000009483
# deltam:
32.5589756940
# deltaf:
36.5705721832
# st_gr:
0.500000000000
# growth_beta:
 0.750000000000 0.750000000000
# matest50f:
45.0000000000
# matestslpf:
0.275000000000
# matest50m:
85.0000000000
# matestslpm:
0.260000000000
# mateste:
 -5.05092245304 -4.49908688358 -3.94725135621 -3.39681859192 -2.86505887756 -2.39314779537 -2.01626013268 -1.74367647846 -1.58084559269 -1.47980191429 -1.44139099234 -1.47964013648 -1.49522035469 -1.36856498433 -1.02697710304 -0.473992267594 -1.11184377261e-008
# matestfe:
 -5.08840273255 -3.96418762998 -2.83997321825 -1.72840113972 -0.761881776049 -0.253385321519 -0.208275365995 -0.170534756411
# moltp_af:
2.00000000000
# moltp_bf:
150.000000000
# moltp_am:
1.52000000000
# moltp_bm:
215.000000000
# moltp_ammat:
0.0500000000000
# moltp_bmmat:
105.000000000
# mean_log_rec_f:
13.2624537466
# mean_log_rec_m:
13.1000000000
# rec_devf:
 -0.365259161905 0.865488234635 1.22955204888 2.20954686283 0.473126664072 1.92102975966 -1.46275844217 -0.0709887145575 -0.219698046286 2.16255287327 1.08046155099 0.123235149800 -1.13989749794 -1.76587570900 -1.37495018805 0.212522595880 0.252061166977 -0.944307640307 -1.01740856562 -0.0592839283465 0.638061163327 0.979405370106 0.261040686869 0.323817110281 -1.47565898636 -1.10719801368 0.515005759221 -0.345155181193 -0.890911207736 -1.20543728551 -0.783834981722 -0.466610559992 0.968814502640 1.79884586603 1.43144601408 -1.26623489938 -1.48454446392 9.41139678470e-008
# rec_devm:
 0.00000000000 0.00000000000 0.00000000000 0.00000000000 0.00000000000 0.00000000000 0.00000000000 0.00000000000 0.00000000000 0.00000000000 0.00000000000 0.00000000000 0.00000000000 0.00000000000 0.00000000000 0.00000000000 0.00000000000 0.00000000000 0.00000000000 0.00000000000 0.00000000000 0.00000000000 0.00000000000 0.00000000000 0.00000000000 0.00000000000 0.00000000000 0.00000000000 0.00000000000 0.00000000000 0.00000000000 0.00000000000 0.00000000000 0.00000000000 0.00000000000 0.00000000000 0.00000000000 0.00000000000
# alpha1_rec:
11.5000000000
# beta_rec:
4.00000000000
# mnatlen_styr:
 13.5211765816 12.7457967791 12.4390012126 12.3754084749 12.4079754506 12.3358971810 12.1477532542 11.8810247204 11.7433927738 11.6203128987 11.2405482325 10.9469966709 11.0616797118 10.8520593707 9.55156967198 8.25458201938 7.23429576407 6.52470027373 6.02721532045 5.66654879865 5.41688162430 5.28777817006
 1.72736163381 3.20645669907 4.68554780219 6.16458169507 7.64277980856 9.10796618997 10.3381231255 11.1784866700 11.6309317695 11.8191393487 11.8590645547 11.8312565104 11.8015957890 11.7595130617 11.6078955175 11.2750885212 10.6175423654 9.71232357229 8.64316936321 7.47839448604 6.27183749219 5.05519756068
# fnatlen_styr:
 -9.89995321898 -9.89995342840 -9.89995366563 -9.89995406113 -9.89995444616 -9.89995540164 -9.89995622172 -9.89995722867 -9.89995800457 -9.89995809685 -9.89995808937 -9.89995790778
 9.65413765607 9.79107194383 10.2192828498 11.2701835510 13.0650306943 13.8971686681 13.3441267898 12.4239349189 11.4880090536 10.0512170664 9.07907651202 8.65855456345
# log_avg_fmort:
-0.0385901137388
# fmort_dev:
 -1.02262597443 -1.54876210723 -0.894729985894 -0.441840107961 -0.103129865407 0.634793139353 1.12499356370 0.860507300007 1.25421199896 1.36643485039 1.17309233426 0.653485601784 0.406355136369 0.190966834225 -0.193052904696 0.199767727416 0.349301921463 -1.00778121013 -0.969972659207 -0.275728583545 -0.425279745916 -0.998034661831 -1.08600178863 -0.445207581604 -0.317895771498 -0.00955204517708 -0.525061644120 -1.00689282045 -0.881943093168 0.0105689196026 0.523863115165 0.597195644326 0.928729785459 0.878010222834 0.507273632893 0.328608956897 0.165331865784
# log_avg_fmortdf:
-4.82702222619
# fmortdf_dev:
 -0.188724397378 -0.114404997410 -0.0570256866796 -0.0530038944331 -0.0245234203746 -0.0805498049547 -0.239351776409 -0.265218479644 -0.266709628202 -0.152201551429 0.510578738491 0.201075988812 -0.0842581630454 -0.452435960558 0.0323860377513 -0.336122377308 -0.202750511106 -0.166894641742 -0.138733235003 -0.133755759717 -0.0999227365063 -0.104028601563 -0.111705009839 -0.150464202249 -0.211703862329 -0.183515652786 -0.186451673911 -0.156293285293 -0.140932281890 1.66345497789 -0.0422913567933 0.201201082852 1.79736546366 0.225051414938 -0.00526638092213 -0.0662884736334 -0.215585901280
# log_avg_fmortt:
-4.64350766541
# fmortt_dev_era1:
 -0.0586948997797 -0.131796807999 -0.239165824932 -0.298086399653 0.940517708656 -0.530561571253 0.150166019204 0.0576246509934 -0.433906096852 0.543903221614
# fmortt_dev_era2:
 0.677142429039 0.903372917252 1.98053399784 0.779809935926 -0.154250869700 0.0634719931581 0.0507296244257 0.0928728294502 0.144274192182 -0.0717588279859 -0.415686163906 0.510285763337 0.764527294684 -0.217516347705 0.640439657082 -0.242667849099 -0.632993724946 -0.156459665263 -0.825498955853 -0.720084995093 -0.400402896888 -0.451284844724 -0.414251796665 -0.371409831873 -0.406917211992 -0.480131746609 -0.646144906074
# discard_mult:
1.00000000000
# Fem_F_prop_constant:
0.500000050000
# log_avg_sel50_mn:
4.66071237767
# log_sel50_dev_mn:
 0.00000000000 0.00000000000 0.00000000000 0.00000000000 0.00000000000 0.00000000000 0.00000000000 0.00000000000 0.00000000000 0.00000000000 0.00000000000 0.00000000000 0.00000000000 0.00000000000 0.00000000000 0.00000000000 0.00000000000 0.00000000000 0.00000000000 0.00000000000 0.00000000000 0.00000000000 0.00000000000 0.00000000000 0.00000000000 0.00000000000 0.00000000000 0.00000000000 0.00000000000 0.00000000000 0.00000000000 0.00000000000 0.00000000000 0.00000000000 0.00000000000 0.00000000000 0.00000000000 0.00000000000
# log_avg_sel50_mo:
4.50000000000
# log_sel50_dev_mo:
 0.00000000000 0.00000000000 0.00000000000 0.00000000000 0.00000000000 0.00000000000 0.00000000000 0.00000000000 0.00000000000 0.00000000000 0.00000000000 0.00000000000 0.00000000000 0.00000000000 0.00000000000 0.00000000000 0.00000000000 0.00000000000 0.00000000000 0.00000000000 0.00000000000 0.00000000000 0.00000000000 0.00000000000 0.00000000000 0.00000000000 0.00000000000 0.00000000000 0.00000000000 0.00000000000 0.00000000000 0.00000000000 0.00000000000 0.00000000000 0.00000000000 0.00000000000 0.00000000000 0.00000000000
# fish_slope_mn:
0.200110432177
# fish_slope_mo:
0.450000000000
# fish_fit_slope_mn:
0.455138998832
# fish_fit_sel50_mn:
96.0391891843
# fish_fit_slope_mo:
0.275000000000
# fish_fit_sel50_mo:
100.000000000
# fish_slope_mo2:
1.95000000000
# fish_sel50_mo2:
159.500000000
# fish_slope_mn2:
1.00500000000
# fish_sel50_mn2:
130.000000000
# fish_disc_slope_f:
0.238815995791
# fish_disc_sel50_f:
4.31557587085
# log_dev_50f:
 0.00000000000 0.00000000000 0.00000000000 0.00000000000 0.00000000000 0.00000000000 0.00000000000 0.00000000000 0.00000000000 0.00000000000 0.00000000000 0.00000000000 0.00000000000 0.00000000000 0.00000000000 0.00000000000 0.00000000000 0.00000000000 0.00000000000 0.00000000000 0.00000000000 0.00000000000 0.00000000000 0.00000000000
# fish_disc_slope_tf:
0.0842583821087
# fish_disc_sel50_tf:
109.930980396
# srv1_q:
0.600000000000
# srv1_q_f:
0.600000000000
# srv1_sel95:
60.0000000000
# srv1_sel50:
40.0000000000
# srv2_q:
0.446490647713
# srv2_q_f:
0.520169179248
# srv2_sel95:
63.2168110771
# srv2_sel50:
42.1901797053
# srv3_q:
0.784139414516
# srv3_sel95:
51.8223662000
# srv3_sel50:
36.2599904145
# srv3_q_f:
0.999999977094
# srv3_sel95_f:
47.2429415338
# srv3_sel50_f:
36.2907371447
# srvind_q:
0.999998956164
# srvind_q_f:
0.146264800301
# srvind_sel95_f:
55.3409537929
# srvind_sel50_f:
49.6133456236
# srv10ind_q:
0.743470331869
# srv10ind_q_f:
0.999999980684
# srv10ind_sel95_f:
25.0250000000
# srv10ind_sel50_f:
25.0000000000
# selsmo10ind:
 19.9989394550 19.9990813007 19.9992198704 19.9993510089 19.9994711251 19.9995754284 19.9996510835 19.9996860600 19.9996540292 19.9995558700 19.9994169922 19.9992484879 19.9990583389 19.9988534612 19.9986369986 19.9984126155 19.9981789038 19.9979364439 19.9976889869 19.9974376497 19.9971826719 19.9969270395
# selsmo09ind:
 -10.0457300530 -8.82627278273 -7.60724323887 -6.39283285890 -5.19893021916 -4.07141162705 -3.08799883802 -2.35782315073 -1.92602548058 -1.65072071012 -1.44300804783 -1.18671029937 -0.847387903589 -0.571106673140 -0.568888944963 -0.824444226681 -1.12261353712 -1.26690206669 -1.20285889726 -0.972188593889 -0.664302913499 -0.330159326257
# Mmult_imat:
1.18972259087
# Mmult:
1.14632394459
# Mmultf:
1.33375214817
# cpueq:
0.00142344177262
# proprecn:
1.00000000000
