ParName   Value   Gradient
af    -0.684631 -5.2494e-005
am    -0.998932  -0.00254452
bf      1.31978 -2.95912e-005
bm      1.37083  -0.00411848
b1      1.16351 -0.000715702
bf1            1 -4.17013e-006
deltam       32.559 -0.000315619
deltaf      36.5706 1.89575e-006
mateste(1)     -5.05092 3.26034e-006
mateste(2)     -4.49909 -5.88168e-006
mateste(3)     -3.94725 7.85974e-006
mateste(4)     -3.39682 9.38411e-006
mateste(5)     -2.86506 2.90941e-005
mateste(6)     -2.39315 5.18455e-005
mateste(7)     -2.01626 8.57063e-005
mateste(8)     -1.74368  0.000106814
mateste(9)     -1.58085  0.000119514
mateste(10)      -1.4798  0.000121043
mateste(11)     -1.44139  0.000125752
mateste(12)     -1.47964  0.000122704
mateste(13)     -1.49522  0.000105602
mateste(14)     -1.36856   0.00011095
mateste(15)     -1.02698  0.000107857
mateste(16)    -0.473992 8.29954e-005
mateste(17) -1.11184e-008 8.29583e-006
matestfe(1)      -5.0884 -5.63606e-007
matestfe(2)     -3.96419 -1.15833e-006
matestfe(3)     -2.83997 2.74472e-006
matestfe(4)      -1.7284 6.46284e-007
matestfe(5)    -0.761882 -4.99658e-006
matestfe(6)    -0.253385 -5.38756e-006
matestfe(7)    -0.208275 1.89114e-006
matestfe(8)    -0.170535 4.47472e-006
mean_log_rec_f      13.2625 -0.000336436
rec_devf(1982)    -0.365259   0.00011496
rec_devf(1983)     0.865488 -0.000381783
rec_devf(1984)      1.22955 -0.000961565
rec_devf(1985)      2.20955   -0.0017272
rec_devf(1986)     0.473127  0.000121433
rec_devf(1987)      1.92103 -0.000255015
rec_devf(1988)     -1.46276  0.000154326
rec_devf(1989)   -0.0709887  8.2288e-005
rec_devf(1990)    -0.219698 5.23478e-005
rec_devf(1991)      2.16255  -0.00216619
rec_devf(1992)      1.08046 -0.000580493
rec_devf(1993)     0.123235 5.43655e-005
rec_devf(1994)      -1.1399  0.000197178
rec_devf(1995)     -1.76588   0.00019133
rec_devf(1996)     -1.37495  0.000209045
rec_devf(1997)     0.212523  0.000250099
rec_devf(1998)     0.252061  0.000341611
rec_devf(1999)    -0.944308  0.000294651
rec_devf(2000)     -1.01741  0.000205028
rec_devf(2001)   -0.0592839  0.000110059
rec_devf(2002)     0.638061 -2.30757e-005
rec_devf(2003)     0.979405 -4.00628e-005
rec_devf(2004)     0.261041  0.000102392
rec_devf(2005)     0.323817  0.000118747
rec_devf(2006)     -1.47566  0.000201304
rec_devf(2007)      -1.1072   0.00023689
rec_devf(2008)     0.515006  0.000467054
rec_devf(2009)    -0.345155  0.000413959
rec_devf(2010)    -0.890911  0.000345438
rec_devf(2011)     -1.20544  0.000257868
rec_devf(2012)    -0.783835  0.000194581
rec_devf(2013)    -0.466611  0.000200855
rec_devf(2014)     0.968815  0.000171081
rec_devf(2015)      1.79885  0.000198371
rec_devf(2016)      1.43145   0.00021256
rec_devf(2017)     -1.26623  0.000201572
rec_devf(2018)     -1.48454  0.000209332
rec_devf(2019)  9.4114e-008  0.000211746
mnatlen_styr(1,1)      13.5212 -5.80047e-005
mnatlen_styr(1,2)      12.7458 -2.41376e-005
mnatlen_styr(1,3)       12.439 -1.83224e-005
mnatlen_styr(1,4)      12.3754 -2.36139e-005
mnatlen_styr(1,5)       12.408 -2.91326e-005
mnatlen_styr(1,6)      12.3359 -2.96956e-005
mnatlen_styr(1,7)      12.1478 -2.67447e-005
mnatlen_styr(1,8)       11.881 -2.02286e-005
mnatlen_styr(1,9)      11.7434 -1.58126e-005
mnatlen_styr(1,10)      11.6203 -6.77464e-006
mnatlen_styr(1,11)      11.2405 6.88521e-006
mnatlen_styr(1,12)       10.947 -2.67664e-006
mnatlen_styr(1,13)      11.0617 -1.70895e-005
mnatlen_styr(1,14)      10.8521 -9.76918e-006
mnatlen_styr(1,15)      9.55157 -3.21746e-007
mnatlen_styr(1,16)      8.25458 4.93191e-006
mnatlen_styr(1,17)       7.2343 -3.79941e-006
mnatlen_styr(1,18)       6.5247 -2.08322e-006
mnatlen_styr(1,19)      6.02722 6.44625e-007
mnatlen_styr(1,20)      5.66655 -1.75351e-006
mnatlen_styr(1,21)      5.41688 -3.83749e-006
mnatlen_styr(1,22)      5.28778 4.45314e-006
mnatlen_styr(2,1)      1.72736 -3.55732e-006
mnatlen_styr(2,2)      3.20646 3.15712e-006
mnatlen_styr(2,3)      4.68555 2.09142e-006
mnatlen_styr(2,4)      6.16458 -6.91839e-006
mnatlen_styr(2,5)      7.64278 -2.47655e-006
mnatlen_styr(2,6)      9.10797 3.70833e-007
mnatlen_styr(2,7)      10.3381 2.71013e-006
mnatlen_styr(2,8)      11.1785 -3.36591e-006
mnatlen_styr(2,9)      11.6309 -2.99803e-006
mnatlen_styr(2,10)      11.8191 2.74143e-007
mnatlen_styr(2,11)      11.8591 4.79253e-006
mnatlen_styr(2,12)      11.8313 -5.98398e-006
mnatlen_styr(2,13)      11.8016 -3.4736e-006
mnatlen_styr(2,14)      11.7595 -2.26007e-006
mnatlen_styr(2,15)      11.6079 4.02151e-006
mnatlen_styr(2,16)      11.2751 6.84145e-006
mnatlen_styr(2,17)      10.6175 1.27042e-005
mnatlen_styr(2,18)      9.71232 1.29316e-005
mnatlen_styr(2,19)      8.64317 6.47854e-006
mnatlen_styr(2,20)      7.47839  3.4687e-006
mnatlen_styr(2,21)      6.27184 1.24744e-006
mnatlen_styr(2,22)       5.0552 -2.96044e-006
fnatlen_styr(1,1)     -9.89995 -5.38477e-008
fnatlen_styr(1,2)     -9.89995  8.4603e-007
fnatlen_styr(1,3)     -9.89995 1.98438e-007
fnatlen_styr(1,4)     -9.89995 1.03898e-006
fnatlen_styr(1,5)     -9.89995 -1.74091e-006
fnatlen_styr(1,6)     -9.89996 2.12322e-006
fnatlen_styr(1,7)     -9.89996 -3.88958e-007
fnatlen_styr(1,8)     -9.89996 2.28982e-006
fnatlen_styr(1,9)     -9.89996 4.44494e-006
fnatlen_styr(1,10)     -9.89996 -1.48398e-006
fnatlen_styr(1,11)     -9.89996 1.83479e-006
fnatlen_styr(1,12)     -9.89996 6.89419e-008
fnatlen_styr(2,1)      9.65414 -3.15834e-006
fnatlen_styr(2,2)      9.79107 3.49862e-006
fnatlen_styr(2,3)      10.2193 -3.81573e-007
fnatlen_styr(2,4)      11.2702 2.57674e-006
fnatlen_styr(2,5)       13.065 -2.92839e-006
fnatlen_styr(2,6)      13.8972 1.61123e-006
fnatlen_styr(2,7)      13.3441 -9.61577e-007
fnatlen_styr(2,8)      12.4239 -7.37303e-007
fnatlen_styr(2,9)       11.488 -8.81146e-007
fnatlen_styr(2,10)      10.0512 -1.14537e-006
fnatlen_styr(2,11)      9.07908 -1.79817e-006
fnatlen_styr(2,12)      8.65855  6.2367e-007
log_avg_fmort   -0.0385901 -7.62768e-005
fmort_dev(1982)     -1.02263 4.40184e-005
fmort_dev(1983)     -1.54876 1.24005e-005
fmort_dev(1984)     -0.89473 6.40687e-005
fmort_dev(1985)     -0.44184 5.85214e-005
fmort_dev(1986)     -0.10313 -8.98616e-005
fmort_dev(1987)     0.634793  0.000142568
fmort_dev(1988)      1.12499 -4.57889e-005
fmort_dev(1989)     0.860507  0.000363196
fmort_dev(1990)      1.25421 -0.000559649
fmort_dev(1991)      1.36643   0.00012335
fmort_dev(1992)      1.17309 -5.47311e-005
fmort_dev(1993)     0.653486 3.94108e-005
fmort_dev(1994)     0.406355  1.3613e-005
fmort_dev(1995)     0.190967 2.98456e-005
fmort_dev(1996)    -0.193053  0.000154193
fmort_dev(1997)     0.199768  -0.00035427
fmort_dev(1998)     0.349302 -0.000166849
fmort_dev(1999)     -1.00778 2.13406e-005
fmort_dev(2000)    -0.969973 1.28098e-006
fmort_dev(2001)    -0.275729 1.08692e-005
fmort_dev(2002)     -0.42528 -9.78515e-006
fmort_dev(2003)    -0.998035 2.07515e-005
fmort_dev(2004)       -1.086 2.23302e-005
fmort_dev(2005)    -0.445208 7.04126e-005
fmort_dev(2006)    -0.317896 7.15604e-005
fmort_dev(2007)  -0.00955205 -2.72716e-005
fmort_dev(2008)    -0.525062 -2.1953e-005
fmort_dev(2009)     -1.00689 -2.96811e-006
fmort_dev(2010)    -0.881943   2.433e-005
fmort_dev(2011)    0.0105689 -6.90617e-005
fmort_dev(2012)     0.523863  1.3443e-005
fmort_dev(2013)     0.597196 -2.72491e-005
fmort_dev(2014)      0.92873 2.15048e-005
fmort_dev(2015)      0.87801 3.92173e-005
fmort_dev(2016)     0.507274 3.34559e-005
fmort_dev(2017)     0.328609 3.79525e-005
fmort_dev(2018)     0.165332 -7.5388e-007
log_avg_fmortdf     -4.82702   2.598e-006
fmortdf_dev(1982)    -0.188724 -6.1366e-006
fmortdf_dev(1983)    -0.114405 -3.71121e-006
fmortdf_dev(1984)   -0.0570257 3.13339e-006
fmortdf_dev(1985)   -0.0530039 2.81213e-006
fmortdf_dev(1986)   -0.0245234 -1.35365e-006
fmortdf_dev(1987)   -0.0805498 2.73389e-006
fmortdf_dev(1988)    -0.239352 -2.70775e-006
fmortdf_dev(1989)    -0.265218 1.97717e-006
fmortdf_dev(1990)     -0.26671 2.89289e-006
fmortdf_dev(1991)    -0.152202 2.79146e-006
fmortdf_dev(1992)     0.510579 3.02354e-006
fmortdf_dev(1993)     0.201076 2.42015e-007
fmortdf_dev(1994)   -0.0842582 -2.06882e-006
fmortdf_dev(1995)    -0.452436 1.36299e-006
fmortdf_dev(1996)     0.032386 -1.13615e-006
fmortdf_dev(1997)    -0.336122 1.37387e-006
fmortdf_dev(1998)    -0.202751 -2.39209e-006
fmortdf_dev(1999)    -0.166895 -2.3623e-006
fmortdf_dev(2000)    -0.138733 2.88712e-006
fmortdf_dev(2001)    -0.133756  1.3688e-006
fmortdf_dev(2002)   -0.0999227 -1.58924e-006
fmortdf_dev(2003)    -0.104029 -2.73096e-006
fmortdf_dev(2004)    -0.111705 -3.05387e-006
fmortdf_dev(2005)    -0.150464 2.55268e-006
fmortdf_dev(2006)    -0.211704 -3.07773e-006
fmortdf_dev(2007)    -0.183516 -2.06633e-006
fmortdf_dev(2008)    -0.186452 -4.19036e-006
fmortdf_dev(2009)    -0.156293 2.31588e-006
fmortdf_dev(2010)    -0.140932 8.85381e-007
fmortdf_dev(2011)      1.66345 1.18043e-006
fmortdf_dev(2012)   -0.0422914 8.25931e-007
fmortdf_dev(2013)     0.201201 2.14115e-006
fmortdf_dev(2014)      1.79737 4.50993e-006
fmortdf_dev(2015)     0.225051 -6.8751e-007
fmortdf_dev(2016)  -0.00526638 9.80641e-007
fmortdf_dev(2017)   -0.0662885 3.18719e-006
fmortdf_dev(2018)    -0.215586 -3.35907e-006
log_avg_fmortt     -4.64351 3.75739e-005
fmortt_dev_era1(1982)   -0.0586949 -1.07186e-005
fmortt_dev_era1(1983)    -0.131797 -8.58766e-006
fmortt_dev_era1(1984)    -0.239166 -7.83836e-006
fmortt_dev_era1(1985)    -0.298086 -6.03926e-006
fmortt_dev_era1(1986)     0.940518 1.37609e-007
fmortt_dev_era1(1987)    -0.530562 -1.03375e-005
fmortt_dev_era1(1988)     0.150166 -5.14886e-006
fmortt_dev_era1(1989)    0.0576247 -5.11617e-006
fmortt_dev_era1(1990)    -0.433906 -6.17419e-006
fmortt_dev_era1(1991)     0.543903 4.38897e-006
fmortt_dev_era2(1992)     0.677142  5.5284e-006
fmortt_dev_era2(1993)     0.903373 -8.01816e-007
fmortt_dev_era2(1994)      1.98053 3.61257e-005
fmortt_dev_era2(1995)      0.77981  6.7372e-006
fmortt_dev_era2(1996)    -0.154251 5.15916e-006
fmortt_dev_era2(1997)     0.063472 2.34298e-006
fmortt_dev_era2(1998)    0.0507296 1.32019e-007
fmortt_dev_era2(1999)    0.0928728 -2.70876e-006
fmortt_dev_era2(2000)     0.144274 -1.74439e-006
fmortt_dev_era2(2001)   -0.0717588 -3.81418e-007
fmortt_dev_era2(2002)    -0.415686 -6.47409e-006
fmortt_dev_era2(2003)     0.510286 -3.9755e-006
fmortt_dev_era2(2004)     0.764527 -2.05132e-006
fmortt_dev_era2(2005)    -0.217516 -5.1819e-006
fmortt_dev_era2(2006)      0.64044 -7.6864e-009
fmortt_dev_era2(2007)    -0.242668 1.24808e-006
fmortt_dev_era2(2008)    -0.632994 4.49618e-008
fmortt_dev_era2(2009)     -0.15646 -2.39651e-006
fmortt_dev_era2(2010)    -0.825499 -7.8479e-007
fmortt_dev_era2(2011)    -0.720085 4.57213e-007
fmortt_dev_era2(2012)    -0.400403 -7.04378e-006
fmortt_dev_era2(2013)    -0.451285 -6.21768e-006
fmortt_dev_era2(2014)    -0.414252 -4.01325e-006
fmortt_dev_era2(2015)     -0.37141 -3.72121e-006
fmortt_dev_era2(2016)    -0.406917 -3.85803e-006
fmortt_dev_era2(2017)    -0.480132 -5.22389e-006
fmortt_dev_era2(2018)    -0.646145 -8.79742e-006
Fem_F_prop_constant          0.5            0
log_avg_sel50_mn      4.66071  0.000343715
fish_slope_mn      0.20011 -2.83855e-005
fish_fit_slope_mn     0.455139 -4.72881e-006
fish_fit_sel50_mn      96.0392  0.000130898
fish_disc_slope_f     0.238816 -1.43585e-005
fish_disc_sel50_f      4.31558 -6.63886e-005
fish_disc_slope_tf    0.0842584 -2.50964e-005
fish_disc_sel50_tf      109.931 -1.3322e-005
srv2_q     0.446491 3.49284e-006
srv2_q_f     0.520169 -1.74438e-006
srv2_sel95      63.2168 -2.76411e-006
srv2_sel50      42.1902  7.6404e-007
srv3_q     0.784139 -1.89799e-006
srv3_sel95      51.8224 2.69407e-006
srv3_sel50        36.26 1.44114e-007
srv3_q_f            1 -5.49626e-006
srv3_sel95_f      47.2429 -1.63518e-006
srv3_sel50_f      36.2907 7.00266e-006
srvind_q     0.999999 -2.51403e-007
srvind_q_f     0.146265 -6.66511e-010
srvind_sel95_f       55.341 4.17492e-006
srvind_sel50_f      49.6133 -8.06915e-007
srv10ind_q      0.74347 -8.86462e-009
srv10ind_q_f            1 2.40611e-006
selsmo10ind(1)      19.9989 -2.97407e-006
selsmo10ind(2)      19.9991 -5.54906e-006
selsmo10ind(3)      19.9992  1.0461e-005
selsmo10ind(4)      19.9994 -6.71558e-006
selsmo10ind(5)      19.9995 -7.58398e-006
selsmo10ind(6)      19.9996 1.36973e-005
selsmo10ind(7)      19.9997 -1.32375e-005
selsmo10ind(8)      19.9997 -6.19087e-005
selsmo10ind(9)      19.9997 -5.86831e-005
selsmo10ind(10)      19.9996 1.81909e-005
selsmo10ind(11)      19.9994 -2.82524e-006
selsmo10ind(12)      19.9992 -6.15886e-006
selsmo10ind(13)      19.9991 -3.40612e-006
selsmo10ind(14)      19.9989 -9.08605e-006
selsmo10ind(15)      19.9986 -1.18761e-005
selsmo10ind(16)      19.9984 -1.41027e-005
selsmo10ind(17)      19.9982 1.92625e-005
selsmo10ind(18)      19.9979 6.42229e-006
selsmo10ind(19)      19.9977 9.76085e-007
selsmo10ind(20)      19.9974 -1.87154e-005
selsmo10ind(21)      19.9972 7.61433e-006
selsmo10ind(22)      19.9969 -8.74674e-007
selsmo09ind(1)     -10.0457 -1.73276e-007
selsmo09ind(2)     -8.82627 -2.31027e-007
selsmo09ind(3)     -7.60724 -1.3548e-006
selsmo09ind(4)     -6.39283 -3.66592e-006
selsmo09ind(5)     -5.19893 -2.78631e-007
selsmo09ind(6)     -4.07141 1.29269e-006
selsmo09ind(7)       -3.088 -1.62932e-006
selsmo09ind(8)     -2.35782 -2.20133e-006
selsmo09ind(9)     -1.92603 -6.44976e-006
selsmo09ind(10)     -1.65072 -2.22879e-006
selsmo09ind(11)     -1.44301 -4.33141e-007
selsmo09ind(12)     -1.18671 -7.84518e-007
selsmo09ind(13)    -0.847388 1.02523e-006
selsmo09ind(14)    -0.571107 -1.00553e-006
selsmo09ind(15)    -0.568889 7.84707e-007
selsmo09ind(16)    -0.824444 -3.86314e-006
selsmo09ind(17)     -1.12261 -2.91636e-007
selsmo09ind(18)      -1.2669 -1.33668e-006
selsmo09ind(19)     -1.20286 3.43469e-006
selsmo09ind(20)    -0.972189  9.9375e-007
selsmo09ind(21)    -0.664303 1.52221e-006
selsmo09ind(22)    -0.330159 3.84614e-006
Mmult_imat      1.18972  0.000614242
Mmult      1.14632  0.000128731
Mmultf      1.33375 1.15563e-006
cpueq   0.00142344 3.95777e-006
