ParName   Value   Gradient
theta[4]           30     0.145982
theta[5]      7.83447    -0.908754
theta[6]      38.9337    -0.010874
theta[7]          0.1 -9.94223e-005
theta[13] -2.08255e-006 6.32006e-005
theta[14] -2.34322e-006 5.07393e-005
theta[15] -2.86756e-006 2.39137e-005
theta[16] -3.30519e-006 3.81482e-006
theta[17] -1.86455e-006 7.85946e-005
theta[18] 3.20848e-007   0.00019169
theta[19] -6.50159e-006 -0.000141547
theta[20] -1.43348e-006  0.000116707
theta[21] -2.37596e-006 7.76834e-005
theta[22] -4.90666e-006 -3.90827e-005
theta[23] -5.96732e-006 -8.14838e-005
theta[24] -3.67083e-006 4.44695e-005
theta[25] -2.93765e-006 9.41288e-005
theta[26] -1.12202e-005 -0.000302302
theta[27]      22.6705    0.0691236
theta[28]    -0.340218 -4.67677e-005
theta[29]    -0.375586 3.81527e-005
theta[30]    -0.389143 -5.65672e-005
theta[31]    -0.431906 -1.31586e-005
theta[32]    -0.484047  0.000152531
theta[33]    -0.534338 -1.10897e-005
theta[34]  -0.00483826  0.000132338
theta[35]  -0.00696477 -5.46956e-006
theta[36]  -0.00911726 -1.61537e-005
theta[37]   -0.0130736 -1.33863e-005
theta[38]    -0.016313  0.000228474
theta[39]   -0.0204429  0.000153763
theta[40]   -0.0275472  7.7503e-005
theta[41]   -0.0319762  5.8156e-005
theta[42]   -0.0476073 -0.000131613
theta[43]   -0.0749745  0.000150665
theta[44]   -0.0836199 -2.0293e-005
theta[45]    -0.111016 -8.77994e-005
theta[46]    -0.230818 -5.83675e-005
theta[47]    -0.305695 -2.8901e-005
theta[48]    -0.335092 -6.84775e-005
theta[49]    -0.364336 5.48591e-005
theta[50]    -0.347089 5.33314e-005
theta[51]    -0.381884 -8.97182e-006
theta[52]    -0.393997 -2.14737e-005
theta[53]    -0.436202  0.000160421
theta[54]    -0.486279 -0.000126575
theta[55]    -0.534339 -6.82674e-005
theta[56]    0.0304098 -4.19567e-006
theta[57]    0.0172246 4.43217e-006
theta[58]    -0.121543 6.52254e-005
theta[59]     0.290486 6.14891e-007
theta[60]      3.61658  -0.00015752
theta[61]     0.395504 6.88143e-005
theta[62]     0.257092 -5.38364e-005
theta[63]     0.220436 -0.000116171
theta[64]     -0.22747 7.54996e-005
theta[65]    -0.498315 -3.88388e-005
theta[66]     -0.68546 -0.000297785
theta[67]    -0.707886 -0.000298697
theta[68]    -0.713888  -0.00036792
theta[69]    -0.711135  -0.00046291
theta[70]    -0.701409 -0.000491836
theta[71]    -0.683149 -0.000514927
theta[72]      -0.6611 -0.000649821
theta[73]     -1.65175 -0.000221927
theta[74]      -1.5679 -0.000142608
theta[75]     -1.56881  -0.00021725
theta[76]     -1.62482 -0.000255541
theta[77]      4.58286    -0.124541
theta[78]   0.00302352 -8.15013e-006
theta[79]     0.089107 -6.27971e-005
theta[80]     0.060659 -4.39364e-005
theta[81]     0.249846 2.05399e-006
theta[82]   -0.0696423 -0.000106305
theta[83]    -0.190934 2.88972e-005
theta[84]    -0.328225 -4.81841e-005
theta[85]    -0.369768 -1.7644e-005
theta[86]    -0.500937 -0.000345011
theta[87]    -0.614431 -0.000372246
theta[88]    -0.702313  -0.00037564
theta[89]    -0.725297 -0.000400717
theta[90]    -0.745014 -0.000499424
theta[91]     -0.78435 -0.000556454
theta[92]       -1.135 -0.000371484
theta[93]     -1.59607 -0.000204172
theta[94]     -1.59868 -0.000133912
theta[95]     -1.56883 -0.000264522
theta[96]     -1.42664 -0.000238137
theta[97]    -0.662635 -0.000672004
theta[98]    -0.399009 -0.000740823
theta[99]    -0.122785  -0.00103732
log_fbar[1]            4     0.332865
log_fbar[2]      1.73432   -0.0484983
log_fdev[1](1)     -2.91272  0.000406838
log_fdev[1](2)     -2.61781  0.000308578
log_fdev[1](3)     -1.46924  0.000224743
log_fdev[1](4)    -0.784512  0.000177254
log_fdev[1](5)    -0.437131 -5.36943e-005
log_fdev[1](6)     0.136118  0.000396076
log_fdev[1](7)     0.511547  -0.00163006
log_fdev[1](8)     0.925946   -0.0132216
log_fdev[1](9)      2.00571  -0.00719742
log_fdev[1](10)      2.17995   0.00257973
log_fdev[1](11)      2.49072  -0.00179156
log_fdev[1](12)      1.99156  -0.00844204
log_fdev[1](13)      1.79297  -0.00874486
log_fdev[1](14)      2.19991  -0.00337769
log_fdev[1](15)      2.94058 -3.69028e-006
log_fdev[1](16)         2.95  -0.00473016
log_fdev[1](17)         2.95   -0.0100832
log_fdev[1](18)       1.8821  -0.00362763
log_fdev[1](19)      2.12985  0.000226929
log_fdev[1](20)         2.95  -0.00805236
log_fdev[1](21)         2.95   -0.0117945
log_fdev[1](22)         2.95  -0.00342313
log_fdev[1](23)         2.95   -0.0196819
log_fdev[1](24)         2.95   -0.0036163
log_fdev[1](25)         2.95   0.00415401
log_fdev[1](26)         2.95  0.000146935
log_fdev[1](27)         2.95   -0.0418035
log_fdev[1](28)         2.95   -0.0157173
log_fdev[1](29)         2.95  -0.00528304
log_fdev[1](30)         2.95    -0.147284
log_fdev[1](31)         2.95   0.00140486
log_fdev[1](32)         2.95  -0.00340531
log_fdev[1](33)         2.95   -0.0645148
log_fdev[1](34)         2.95   0.00157306
log_fdev[1](35)         2.95   -0.0476707
log_fdev[1](36)         2.95    0.0111382
log_fdev[1](37)         2.95  -0.00702679
log_fdev[2](1)     -7.09196  0.000470388
log_fdev[2](2)     -6.40976  0.000309242
log_fdev[2](3)     -5.92058   0.00065185
log_fdev[2](4)     -5.64955   0.00130918
log_fdev[2](5)     -3.70806   0.00810969
log_fdev[2](6)     -9.08614  0.000560183
log_fdev[2](7)     -3.80582   0.00675945
log_fdev[2](8)     -3.11169    0.0124051
log_fdev[2](9)     -2.87487  -0.00489765
log_fdev[2](10)    -0.959594    -0.033684
log_fdev[2](11)     0.168417   -0.0197417
log_fdev[2](12)     0.453938  -0.00238532
log_fdev[2](13)       2.6529   0.00025364
log_fdev[2](14)      2.36528  -0.00457288
log_fdev[2](15)      1.23263   -0.0104473
log_fdev[2](16)     0.827826   -0.0133786
log_fdev[2](17)     0.821721  -0.00513076
log_fdev[2](18)     0.983952   0.00278148
log_fdev[2](19)      1.24582  -0.00670537
log_fdev[2](20)      2.64088   -0.0105225
log_fdev[2](21)      2.68497  0.000106087
log_fdev[2](22)      2.21045  -0.00427731
log_fdev[2](23)      1.95312  -0.00225681
log_fdev[2](24)      2.68657  0.000582625
log_fdev[2](25)      7.26663 -0.000359963
log_fdev[2](26)      2.80672  -0.00133208
log_fdev[2](27)      1.38654 -0.000934252
log_fdev[2](28)      2.46984  -0.00191269
log_fdev[2](29)      1.03813 -0.000396801
log_fdev[2](30)     0.496309  -0.00216654
log_fdev[2](31)      2.37498  -0.00696026
log_fdev[2](32)     0.129247  -0.00542005
log_fdev[2](33)    -0.169828  -0.00553263
log_fdev[2](34)      1.73516  -0.00594032
log_fdev[2](35)      4.05407    0.0126607
log_fdev[2](36)      2.42957    0.0025896
log_fdev[2](37)    -0.327803   0.00805024
log_foff[1]          -10  -0.00075008
log_fdov[1](1)     0.387085 -7.67196e-005
log_fdov[1](2)     0.142432 -0.000107021
log_fdov[1](3)    -0.595833 3.07096e-005
log_fdov[1](4)      -0.8498   0.00019252
log_fdov[1](5)    0.0760132 -0.000471603
log_fdov[1](6)     0.319431  0.000497429
log_fdov[1](7)     0.400881  -0.00363539
log_fdov[1](8)     0.419908    -0.028262
log_fdov[1](9)     -0.37848    -0.027494
log_fdov[1](10)   0.00447408   -0.0282258
log_fdov[1](11)      0.92035   -0.0287067
log_fdov[1](12)      1.38773   -0.0276408
log_fdov[1](13)      1.47824    -0.024146
log_fdov[1](14)    -0.667723   -0.0161579
log_fdov[1](15)   -0.0626566   -0.0117524
log_fdov[1](16)     -2.30026  -0.00900573
log_fdov[1](17)     -1.81883   -0.0078738
log_fdov[1](18)     -3.20759  -0.00742963
log_fdov[1](19)      -3.0395  -0.00688027
log_fdov[1](20)     -3.64108  -0.00636966
log_fdov[1](21)     -1.57715   -0.0050098
log_fdov[1](22)     -3.21466  -0.00282613
log_fdov[1](23)     -2.82041  -0.00385873
log_fdov[1](24)     -1.20989  -0.00409195
log_fdov[1](25)     -2.47646   -0.0031175
log_fdov[1](26)    0.0911453  -0.00191717
log_fdov[1](27)  -0.00218672  -0.00123603
log_fdov[1](28)    -0.536087  -0.00169635
log_fdov[1](29)    -0.461036  -0.00210664
log_fdov[1](30)      7.53024 -0.000117825
log_fdov[1](31)     0.454121   -0.0025597
log_fdov[1](32)      1.67672  -0.00318707
log_fdov[1](33)      7.82525 -0.000434751
log_fdov[1](34)      3.49961  -0.00179448
log_fdov[1](35)       2.1143  -0.00179396
log_fdov[1](36)     0.738812  -0.00182439
log_fdov[1](37)    -0.679001  -0.00534442
rec_dev_est(1982)     0.876004 8.89172e-005
rec_dev_est(1983)     0.105156 6.47785e-005
rec_dev_est(1984)      5.77937   -0.0057936
rec_dev_est(1985)      7.92479     0.013874
rec_dev_est(1986)      7.48956   -0.0215789
rec_dev_est(1987)      7.01119   -0.0181989
rec_dev_est(1988)      4.90417  -0.00425395
rec_dev_est(1989)      4.87047  -0.00652592
rec_dev_est(1990)      4.44911  -0.00364701
rec_dev_est(1991)      7.14312   -0.0193658
rec_dev_est(1992)      7.13575   -0.0134079
rec_dev_est(1993)      3.94386 -0.000997539
rec_dev_est(1994)      5.14983  -0.00894497
rec_dev_est(1995)      4.14997  -0.00650838
rec_dev_est(1996)      3.18298  -0.00132657
rec_dev_est(1997)      3.57159  -0.00127639
rec_dev_est(1998)      5.99327  -0.00842379
rec_dev_est(1999)       3.8807 -0.000861296
rec_dev_est(2000)     -7.99984 8.66259e-006
rec_dev_est(2001)      2.89671   -0.0019079
rec_dev_est(2002)      4.75156  -0.00237998
rec_dev_est(2003)        5.066  -0.00333221
rec_dev_est(2004)      2.49623 -0.000174584
rec_dev_est(2005)      5.64519  -0.00676309
rec_dev_est(2006)      3.65865   -0.0028277
rec_dev_est(2007)      1.71346  -0.00027858
rec_dev_est(2008)       6.3345   -0.0137856
rec_dev_est(2009)      3.80369   0.00372159
rec_dev_est(2010)     -7.99744 7.02046e-005
rec_dev_est(2011)     0.809504   0.00441954
rec_dev_est(2012)      1.81567   0.00112244
rec_dev_est(2013)      4.70937   0.00399069
rec_dev_est(2014)      6.91679  -0.00166988
rec_dev_est(2015)      7.40778 -0.000428024
rec_dev_est(2016)       7.3427 -0.000400671
rec_dev_est(2017)       4.6754 9.55231e-005
rec_dev_est(2018)      3.95127 -4.35162e-006
